0 1 0.0512821
0 2 0.0769231
0 3 0.102564
0 4 0.128205
0 5 0.153846
1 2 0.102564
1 3 0.128205
1 4 0.153846
1 5 0.179487
1 6 0.205128
2 3 0.153846
2 4 0.179487
2 5 0.205128
2 6 0.230769
2 7 0.25641
3 4 0.205128
3 5 0.230769
3 6 0.25641
3 7 0.282051
3 8 0.307692
4 5 0.25641
4 6 0.282051
4 7 0.307692
4 8 0.333333
4 9 0.358974
5 6 0.307692
5 7 0.333333
5 8 0.358974
5 9 0.384615
5 10 0.410256
6 7 0.358974
6 8 0.384615
6 9 0.410256
6 10 0.435897
6 11 0.461538
7 8 0.410256
7 9 0.435897
7 10 0.461538
7 11 0.487179
7 12 0.512821
8 9 0.461538
8 10 0.487179
8 11 0.512821
8 12 0.538462
8 13 0.564103
9 10 0.512821
9 11 0.538462
9 12 0.564103
9 13 0.589744
9 14 0.615385
10 11 0.564103
10 12 0.589744
10 13 0.615385
10 14 0.641026
10 15 0.666667
11 12 0.615385
11 13 0.641026
11 14 0.666667
11 15 0.692308
11 16 0.717949
12 13 0.666667
12 14 0.692308
12 15 0.717949
12 16 0.74359
12 17 0.769231
13 14 0.717949
13 15 0.74359
13 16 0.769231
13 17 0.794872
13 18 0.820513
14 15 0.769231
14 16 0.794872
14 17 0.820513
14 18 0.846154
14 19 0.871795
15 16 0.820513
15 17 0.846154
15 18 0.871795
15 19 0.897436
16 17 0.871795
16 18 0.897436
16 19 0.923077
17 18 0.923077
17 19 0.948718
18 19 0.974359
