0 1 0.0689655
0 2 0.103448
0 3 0.137931
0 4 0.172414
1 2 0.137931
1 3 0.172414
1 4 0.206897
1 5 0.241379
2 3 0.206897
2 4 0.241379
2 5 0.275862
2 6 0.310345
3 4 0.275862
3 5 0.310345
3 6 0.344828
3 7 0.37931
4 5 0.344828
4 6 0.37931
4 7 0.413793
4 8 0.448276
5 6 0.413793
5 7 0.448276
5 8 0.482759
5 9 0.517241
6 7 0.482759
6 8 0.517241
6 9 0.551724
6 10 0.586207
7 8 0.551724
7 9 0.586207
7 10 0.62069
7 11 0.655172
8 9 0.62069
8 10 0.655172
8 11 0.689655
8 12 0.724138
9 10 0.689655
9 11 0.724138
9 12 0.758621
9 13 0.793103
10 11 0.758621
10 12 0.793103
10 13 0.827586
10 14 0.862069
11 12 0.827586
11 13 0.862069
11 14 0.896552
12 13 0.896552
12 14 0.931034
13 14 0.965517
