0 1 0.0408163
0 2 0.0612245
0 3 0.0816327
0 4 0.102041
0 5 0.122449
1 2 0.0816327
1 3 0.102041
1 4 0.122449
1 5 0.142857
1 6 0.163265
2 3 0.122449
2 4 0.142857
2 5 0.163265
2 6 0.183673
2 7 0.204082
3 4 0.163265
3 5 0.183673
3 6 0.204082
3 7 0.22449
3 8 0.244898
4 5 0.204082
4 6 0.22449
4 7 0.244898
4 8 0.265306
4 9 0.285714
5 6 0.244898
5 7 0.265306
5 8 0.285714
5 9 0.306122
5 10 0.326531
6 7 0.285714
6 8 0.306122
6 9 0.326531
6 10 0.346939
6 11 0.367347
7 8 0.326531
7 9 0.346939
7 10 0.367347
7 11 0.387755
7 12 0.408163
8 9 0.367347
8 10 0.387755
8 11 0.408163
8 12 0.428571
8 13 0.44898
9 10 0.408163
9 11 0.428571
9 12 0.44898
9 13 0.469388
9 14 0.489796
10 11 0.44898
10 12 0.469388
10 13 0.489796
10 14 0.510204
10 15 0.530612
11 12 0.489796
11 13 0.510204
11 14 0.530612
11 15 0.55102
11 16 0.571429
12 13 0.530612
12 14 0.55102
12 15 0.571429
12 16 0.591837
12 17 0.612245
13 14 0.571429
13 15 0.591837
13 16 0.612245
13 17 0.632653
13 18 0.653061
14 15 0.612245
14 16 0.632653
14 17 0.653061
14 18 0.673469
14 19 0.693878
15 16 0.653061
15 17 0.673469
15 18 0.693878
15 19 0.714286
15 20 0.734694
16 17 0.693878
16 18 0.714286
16 19 0.734694
16 20 0.755102
16 21 0.77551
17 18 0.734694
17 19 0.755102
17 20 0.77551
17 21 0.795918
17 22 0.816327
18 19 0.77551
18 20 0.795918
18 21 0.816327
18 22 0.836735
18 23 0.857143
19 20 0.816327
19 21 0.836735
19 22 0.857143
19 23 0.877551
19 24 0.897959
20 21 0.857143
20 22 0.877551
20 23 0.897959
20 24 0.918367
21 22 0.897959
21 23 0.918367
21 24 0.938776
22 23 0.938776
22 24 0.959184
23 24 0.979592
