0 1 5.76867
0 5 5.16867
1 2 5.26506
1 6 4.84337
2 3 5.12048
2 7 5.13253
3 4 4.78313
3 8 4.66265
4 9 5.24096
5 6 5.15663
5 10 5.54096
6 7 4.85542
6 11 4.92771
7 8 5.54337
7 12 5.36386
8 9 5.25301
8 13 4.9759
9 14 5.3506
10 11 5.57229
10 15 4.68675
11 12 5.24096
11 16 5.14458
12 13 5.03614
12 17 4.71084
13 14 4.96386
13 18 5.27711
14 19 4.63855
15 16 5.13253
15 20 5.12048
16 17 4.77108
16 21 5.43494
17 18 5.62892
17 22 4.98795
18 19 5.28916
18 23 5.40964
19 24 4.96386
20 21 5.5494
21 22 5.42169
22 23 5
23 24 4.74699
