adder_20.qasm
cx 2 1 At layer : 0
cx 18 17 At layer : 0
0 0 0 1 1 1 2 2 2 3 3 3 4 4 4 5 5 5 6 6 
3
0 0 0 1 1 1 2 2 2 3 3 3 4 4 4 5 5 6 6 5 
3
0 0 0 1 1 1 2 2 2 3 3 3 4 4 4 6 5 5 5 6 
1
0 0 0 1 1 1 2 2 2 3 3 3 4 4 4 5 6 5 5 6 
1
0 0 0 1 1 1 2 2 2 3 3 3 4 4 4 5 5 6 6 6 
3
0 0 0 1 1 1 2 2 2 3 3 3 4 4 4 5 5 5 5 6 
3
cx 16 15 At layer : 0
cx 14 13 At layer : 0
cx 12 11 At layer : 0
0 0 0 1 1 1 2 2 2 3 3 3 4 4 4 5 5 5 6 6 
3
0 0 0 1 1 1 2 2 2 3 3 4 4 3 4 5 5 5 6 6 
3
0 0 0 1 1 1 2 2 2 3 3 4 4 4 3 5 5 5 6 6 
3
0 0 0 1 1 1 2 2 2 4 3 3 3 4 4 5 5 5 6 6 
1
0 0 0 1 1 1 2 2 2 3 4 3 3 4 4 5 5 5 6 6 
1
0 0 0 1 1 1 2 2 2 3 3 4 4 4 4 5 5 5 6 6 
3
0 0 0 1 1 1 2 2 2 3 3 3 3 4 4 5 5 5 6 6 
3
cx 10 9 At layer : 0
cx 8 7 At layer : 0
cx 6 5 At layer : 0
0 0 0 1 1 1 2 2 2 3 3 3 4 4 4 5 5 5 6 6 
15
0 0 0 1 1 2 2 1 2 3 3 3 4 4 4 5 5 5 6 6 
15
0 0 0 1 1 2 2 2 1 3 3 3 4 4 4 5 5 5 6 6 
15
0 0 0 2 1 1 1 2 2 3 3 3 4 4 4 5 5 5 6 6 
1
0 0 0 1 2 1 1 2 2 3 3 3 4 4 4 5 5 5 6 6 
1
0 0 0 1 1 2 2 2 2 3 3 3 4 4 4 5 5 5 6 6 
15
0 0 0 1 1 1 1 2 2 3 3 3 4 4 4 5 5 5 6 6 
15
cx 4 3 At layer : 0
cx 2 0 At layer : 1
h 2 -2147483648 At layer : 2
cx 1 2 At layer : 3
tdg 2 -2147483648 At layer : 4
cx 0 2 At layer : 5
t 2 -2147483648 At layer : 6
cx 1 2 At layer : 7
t 1 -2147483648 At layer : 8
tdg 2 -2147483648 At layer : 9
cx 0 2 At layer : 10
cx 0 1 At layer : 11
t 2 -2147483648 At layer : 11
h 2 -2147483648 At layer : 12
cx 4 2 At layer : 13
0 0 0 1 1 1 2 2 2 3 3 3 4 4 4 5 5 5 6 6 
7
0 0 1 0 1 1 2 2 2 3 3 3 4 4 4 5 5 5 6 6 
5
0 0 1 1 1 0 2 2 2 3 3 3 4 4 4 5 5 5 6 6 
17
1 0 0 1 0 1 2 2 2 3 3 3 4 4 4 5 5 5 6 6 
3
0 1 0 1 0 1 2 2 2 3 3 3 4 4 4 5 5 5 6 6 
3
0 0 1 1 1 1 2 2 2 3 3 3 4 4 4 5 5 5 6 6 
17
0 0 0 1 0 1 2 2 2 3 3 3 4 4 4 5 5 5 6 6 
5
t 0 -2147483648 At layer : 13
tdg 1 -2147483648 At layer : 14
cx 0 1 At layer : 15
h 4 -2147483648 At layer : 15
cx 3 4 At layer : 16
tdg 4 -2147483648 At layer : 17
cx 2 4 At layer : 18
t 4 -2147483648 At layer : 19
cx 3 4 At layer : 20
t 3 -2147483648 At layer : 21
tdg 4 -2147483648 At layer : 22
cx 2 4 At layer : 23
t 4 -2147483648 At layer : 24
cx 2 3 At layer : 24
h 4 -2147483648 At layer : 25
t 2 -2147483648 At layer : 26
cx 6 4 At layer : 26
0 0 1 1 1 0 2 2 2 3 3 3 4 4 4 5 5 5 6 6 
4
0 0 1 1 2 0 2 1 2 3 3 3 4 4 4 5 5 5 6 6 
4
0 0 1 1 2 0 2 2 1 3 3 3 4 4 4 5 5 5 6 6 
4
0 0 2 1 1 0 1 2 2 3 3 3 4 4 4 5 5 5 6 6 
2
0 0 1 2 1 0 1 2 2 3 3 3 4 4 4 5 5 5 6 6 
2
0 0 1 1 2 0 2 2 2 3 3 3 4 4 4 5 5 5 6 6 
4
0 0 1 1 1 0 1 2 2 3 3 3 4 4 4 5 5 5 6 6 
4
tdg 3 -2147483648 At layer : 27
cx 2 3 At layer : 28
h 6 -2147483648 At layer : 28
cx 5 6 At layer : 29
0 0 1 1 1 0 2 2 2 3 3 3 4 4 4 5 5 5 6 6 
2
2 0 1 1 1 0 0 2 2 3 3 3 4 4 4 5 5 5 6 6 
2
0 2 1 1 1 0 0 2 2 3 3 3 4 4 4 5 5 5 6 6 
2
0 0 1 1 1 2 2 0 2 3 3 3 4 4 4 5 5 5 6 6 
2
0 0 1 1 1 2 2 2 0 3 3 3 4 4 4 5 5 5 6 6 
2
0 0 1 1 1 0 0 2 2 3 3 3 4 4 4 5 5 5 6 6 
2
0 0 1 1 1 2 2 2 2 3 3 3 4 4 4 5 5 5 6 6 
2
tdg 6 -2147483648 At layer : 30
cx 4 6 At layer : 31
0 0 1 1 1 0 2 2 2 3 3 3 4 4 4 5 5 5 6 6 
2
0 0 2 1 1 0 1 2 2 3 3 3 4 4 4 5 5 5 6 6 
2
0 0 1 2 1 0 1 2 2 3 3 3 4 4 4 5 5 5 6 6 
2
0 0 1 1 2 0 2 1 2 3 3 3 4 4 4 5 5 5 6 6 
2
0 0 1 1 2 0 2 2 1 3 3 3 4 4 4 5 5 5 6 6 
2
0 0 1 1 1 0 1 2 2 3 3 3 4 4 4 5 5 5 6 6 
2
0 0 1 1 2 0 2 2 2 3 3 3 4 4 4 5 5 5 6 6 
2
t 6 -2147483648 At layer : 32
cx 5 6 At layer : 33
0 0 1 1 1 0 2 2 2 3 3 3 4 4 4 5 5 5 6 6 
3
2 0 1 1 1 0 0 2 2 3 3 3 4 4 4 5 5 5 6 6 
3
0 2 1 1 1 0 0 2 2 3 3 3 4 4 4 5 5 5 6 6 
3
0 0 1 1 1 2 2 0 2 3 3 3 4 4 4 5 5 5 6 6 
3
0 0 1 1 1 2 2 2 0 3 3 3 4 4 4 5 5 5 6 6 
3
0 0 1 1 1 0 0 2 2 3 3 3 4 4 4 5 5 5 6 6 
3
0 0 1 1 1 2 2 2 2 3 3 3 4 4 4 5 5 5 6 6 
3
t 5 -2147483648 At layer : 34
tdg 6 -2147483648 At layer : 35
cx 4 6 At layer : 36
0 0 1 1 1 0 2 2 2 3 3 3 4 4 4 5 5 5 6 6 
1
0 0 2 1 1 0 1 2 2 3 3 3 4 4 4 5 5 5 6 6 
1
0 0 1 2 1 0 1 2 2 3 3 3 4 4 4 5 5 5 6 6 
1
0 0 1 1 2 0 2 1 2 3 3 3 4 4 4 5 5 5 6 6 
1
0 0 1 1 2 0 2 2 1 3 3 3 4 4 4 5 5 5 6 6 
1
0 0 1 1 1 0 1 2 2 3 3 3 4 4 4 5 5 5 6 6 
1
0 0 1 1 2 0 2 2 2 3 3 3 4 4 4 5 5 5 6 6 
1
cx 4 5 At layer : 37
0 0 1 1 1 0 2 2 2 3 3 3 4 4 4 5 5 5 6 6 
6
0 0 0 1 1 1 2 2 2 3 3 3 4 4 4 5 5 5 6 6 
19
0 0 1 0 1 1 2 2 2 3 3 3 4 4 4 5 5 5 6 6 
19
1 0 1 1 0 0 2 2 2 3 3 3 4 4 4 5 5 5 6 6 
19
0 1 1 1 0 0 2 2 2 3 3 3 4 4 4 5 5 5 6 6 
19
0 0 1 1 1 1 2 2 2 3 3 3 4 4 4 5 5 5 6 6 
19
0 0 1 1 0 0 2 2 2 3 3 3 4 4 4 5 5 5 6 6 
19
t 6 -2147483648 At layer : 37
h 6 -2147483648 At layer : 38
t 4 -2147483648 At layer : 39
cx 8 6 At layer : 39
tdg 5 -2147483648 At layer : 40
cx 4 5 At layer : 41
h 8 -2147483648 At layer : 41
cx 7 8 At layer : 42
tdg 8 -2147483648 At layer : 43
cx 6 8 At layer : 44
t 8 -2147483648 At layer : 45
cx 7 8 At layer : 46
t 7 -2147483648 At layer : 47
tdg 8 -2147483648 At layer : 48
cx 6 8 At layer : 49
t 8 -2147483648 At layer : 50
cx 6 7 At layer : 50
h 8 -2147483648 At layer : 51
cx 10 8 At layer : 52
0 0 0 1 1 1 2 2 2 3 3 3 4 4 4 5 5 5 6 6 
7
0 0 0 1 1 1 2 2 3 2 3 3 4 4 4 5 5 5 6 6 
5
0 0 0 1 1 1 2 2 3 3 3 2 4 4 4 5 5 5 6 6 
17
0 0 0 1 1 1 3 2 2 3 2 3 4 4 4 5 5 5 6 6 
3
0 0 0 1 1 1 2 3 2 3 2 3 4 4 4 5 5 5 6 6 
3
0 0 0 1 1 1 2 2 3 3 3 3 4 4 4 5 5 5 6 6 
17
0 0 0 1 1 1 2 2 2 3 2 3 4 4 4 5 5 5 6 6 
5
t 6 -2147483648 At layer : 52
tdg 7 -2147483648 At layer : 53
cx 6 7 At layer : 54
h 10 -2147483648 At layer : 54
cx 9 10 At layer : 55
tdg 10 -2147483648 At layer : 56
cx 8 10 At layer : 57
t 10 -2147483648 At layer : 58
cx 9 10 At layer : 59
t 9 -2147483648 At layer : 60
tdg 10 -2147483648 At layer : 61
cx 8 10 At layer : 62
cx 8 9 At layer : 63
t 10 -2147483648 At layer : 63
h 10 -2147483648 At layer : 64
t 8 -2147483648 At layer : 65
cx 12 10 At layer : 65
0 0 0 1 1 1 2 2 3 3 3 2 4 4 4 5 5 5 6 6 
4
0 0 0 1 1 1 2 2 3 3 4 2 4 3 4 5 5 5 6 6 
4
0 0 0 1 1 1 2 2 3 3 4 2 4 4 3 5 5 5 6 6 
4
0 0 0 1 1 1 2 2 4 3 3 2 3 4 4 5 5 5 6 6 
2
0 0 0 1 1 1 2 2 3 4 3 2 3 4 4 5 5 5 6 6 
2
0 0 0 1 1 1 2 2 3 3 4 2 4 4 4 5 5 5 6 6 
4
0 0 0 1 1 1 2 2 3 3 3 2 3 4 4 5 5 5 6 6 
4
tdg 9 -2147483648 At layer : 66
cx 8 9 At layer : 67
h 12 -2147483648 At layer : 67
cx 11 12 At layer : 68
0 0 0 1 1 1 2 2 3 3 3 2 4 4 4 5 5 5 6 6 
2
0 0 0 1 1 1 4 2 3 3 3 2 2 4 4 5 5 5 6 6 
2
0 0 0 1 1 1 2 4 3 3 3 2 2 4 4 5 5 5 6 6 
2
0 0 0 1 1 1 2 2 3 3 3 4 4 2 4 5 5 5 6 6 
2
0 0 0 1 1 1 2 2 3 3 3 4 4 4 2 5 5 5 6 6 
2
0 0 0 1 1 1 2 2 3 3 3 2 2 4 4 5 5 5 6 6 
2
0 0 0 1 1 1 2 2 3 3 3 4 4 4 4 5 5 5 6 6 
2
tdg 12 -2147483648 At layer : 69
cx 10 12 At layer : 70
0 0 0 1 1 1 2 2 3 3 3 2 4 4 4 5 5 5 6 6 
2
0 0 0 1 1 1 2 2 4 3 3 2 3 4 4 5 5 5 6 6 
2
0 0 0 1 1 1 2 2 3 4 3 2 3 4 4 5 5 5 6 6 
2
0 0 0 1 1 1 2 2 3 3 4 2 4 3 4 5 5 5 6 6 
2
0 0 0 1 1 1 2 2 3 3 4 2 4 4 3 5 5 5 6 6 
2
0 0 0 1 1 1 2 2 3 3 3 2 3 4 4 5 5 5 6 6 
2
0 0 0 1 1 1 2 2 3 3 4 2 4 4 4 5 5 5 6 6 
2
t 12 -2147483648 At layer : 71
cx 11 12 At layer : 72
0 0 0 1 1 1 2 2 3 3 3 2 4 4 4 5 5 5 6 6 
3
0 0 0 1 1 1 4 2 3 3 3 2 2 4 4 5 5 5 6 6 
3
0 0 0 1 1 1 2 4 3 3 3 2 2 4 4 5 5 5 6 6 
3
0 0 0 1 1 1 2 2 3 3 3 4 4 2 4 5 5 5 6 6 
3
0 0 0 1 1 1 2 2 3 3 3 4 4 4 2 5 5 5 6 6 
3
0 0 0 1 1 1 2 2 3 3 3 2 2 4 4 5 5 5 6 6 
3
0 0 0 1 1 1 2 2 3 3 3 4 4 4 4 5 5 5 6 6 
3
t 11 -2147483648 At layer : 73
tdg 12 -2147483648 At layer : 74
cx 10 12 At layer : 75
0 0 0 1 1 1 2 2 3 3 3 2 4 4 4 5 5 5 6 6 
1
0 0 0 1 1 1 2 2 4 3 3 2 3 4 4 5 5 5 6 6 
1
0 0 0 1 1 1 2 2 3 4 3 2 3 4 4 5 5 5 6 6 
1
0 0 0 1 1 1 2 2 3 3 4 2 4 3 4 5 5 5 6 6 
1
0 0 0 1 1 1 2 2 3 3 4 2 4 4 3 5 5 5 6 6 
1
0 0 0 1 1 1 2 2 3 3 3 2 3 4 4 5 5 5 6 6 
1
0 0 0 1 1 1 2 2 3 3 4 2 4 4 4 5 5 5 6 6 
1
cx 10 11 At layer : 76
0 0 0 1 1 1 2 2 3 3 3 2 4 4 4 5 5 5 6 6 
7
0 0 0 1 1 1 2 2 2 3 3 3 4 4 4 5 5 5 6 6 
19
0 0 0 1 1 1 2 2 3 2 3 3 4 4 4 5 5 5 6 6 
19
0 0 0 1 1 1 3 2 3 3 2 2 4 4 4 5 5 5 6 6 
19
0 0 0 1 1 1 2 3 3 3 2 2 4 4 4 5 5 5 6 6 
19
0 0 0 1 1 1 2 2 3 3 3 3 4 4 4 5 5 5 6 6 
19
0 0 0 1 1 1 2 2 3 3 2 2 4 4 4 5 5 5 6 6 
19
t 12 -2147483648 At layer : 76
h 12 -2147483648 At layer : 77
t 10 -2147483648 At layer : 78
cx 14 12 At layer : 78
tdg 11 -2147483648 At layer : 79
h 14 -2147483648 At layer : 80
cx 10 11 At layer : 80
cx 13 14 At layer : 81
tdg 14 -2147483648 At layer : 82
cx 12 14 At layer : 83
t 14 -2147483648 At layer : 84
cx 13 14 At layer : 85
t 13 -2147483648 At layer : 86
tdg 14 -2147483648 At layer : 87
cx 12 14 At layer : 88
cx 12 13 At layer : 89
t 14 -2147483648 At layer : 89
h 14 -2147483648 At layer : 90
cx 16 14 At layer : 91
0 0 0 1 1 1 2 2 2 3 3 3 4 4 4 5 5 5 6 6 
7
0 0 0 1 1 1 2 2 2 3 3 3 4 4 5 4 5 5 6 6 
5
0 0 0 1 1 1 2 2 2 3 3 3 4 4 5 5 5 4 6 6 
17
0 0 0 1 1 1 2 2 2 3 3 3 5 4 4 5 4 5 6 6 
3
0 0 0 1 1 1 2 2 2 3 3 3 4 5 4 5 4 5 6 6 
3
0 0 0 1 1 1 2 2 2 3 3 3 4 4 5 5 5 5 6 6 
17
0 0 0 1 1 1 2 2 2 3 3 3 4 4 4 5 4 5 6 6 
5
t 12 -2147483648 At layer : 91
tdg 13 -2147483648 At layer : 92
cx 12 13 At layer : 93
h 16 -2147483648 At layer : 93
cx 15 16 At layer : 94
tdg 16 -2147483648 At layer : 95
cx 14 16 At layer : 96
t 16 -2147483648 At layer : 97
cx 15 16 At layer : 98
t 15 -2147483648 At layer : 99
tdg 16 -2147483648 At layer : 100
cx 14 16 At layer : 101
cx 14 15 At layer : 102
t 16 -2147483648 At layer : 102
h 16 -2147483648 At layer : 103
t 14 -2147483648 At layer : 104
cx 18 16 At layer : 104
0 0 0 1 1 1 2 2 2 3 3 3 4 4 5 5 5 4 6 6 
4
0 0 0 1 1 1 2 2 2 3 3 3 4 4 5 5 6 4 6 5 
4
0 0 0 1 1 1 2 2 2 3 3 3 4 4 6 5 5 4 5 6 
2
0 0 0 1 1 1 2 2 2 3 3 3 4 4 5 6 5 4 5 6 
2
0 0 0 1 1 1 2 2 2 3 3 3 4 4 5 5 6 4 6 6 
4
0 0 0 1 1 1 2 2 2 3 3 3 4 4 5 5 5 4 5 6 
4
tdg 15 -2147483648 At layer : 105
cx 14 15 At layer : 106
h 18 -2147483648 At layer : 106
cx 17 18 At layer : 107
0 0 0 1 1 1 2 2 2 3 3 3 4 4 5 5 5 4 6 6 
2
0 0 0 1 1 1 2 2 2 3 3 3 6 4 5 5 5 4 4 6 
2
0 0 0 1 1 1 2 2 2 3 3 3 4 6 5 5 5 4 4 6 
2
0 0 0 1 1 1 2 2 2 3 3 3 4 4 5 5 5 6 6 4 
2
0 0 0 1 1 1 2 2 2 3 3 3 4 4 5 5 5 4 4 6 
2
0 0 0 1 1 1 2 2 2 3 3 3 4 4 5 5 5 6 6 6 
2
tdg 18 -2147483648 At layer : 108
cx 16 18 At layer : 109
0 0 0 1 1 1 2 2 2 3 3 3 4 4 5 5 5 4 6 6 
2
0 0 0 1 1 1 2 2 2 3 3 3 4 4 6 5 5 4 5 6 
2
0 0 0 1 1 1 2 2 2 3 3 3 4 4 5 6 5 4 5 6 
2
0 0 0 1 1 1 2 2 2 3 3 3 4 4 5 5 6 4 6 5 
2
0 0 0 1 1 1 2 2 2 3 3 3 4 4 5 5 5 4 5 6 
2
0 0 0 1 1 1 2 2 2 3 3 3 4 4 5 5 6 4 6 6 
2
t 18 -2147483648 At layer : 110
cx 17 18 At layer : 111
0 0 0 1 1 1 2 2 2 3 3 3 4 4 5 5 5 4 6 6 
3
0 0 0 1 1 1 2 2 2 3 3 3 6 4 5 5 5 4 4 6 
3
0 0 0 1 1 1 2 2 2 3 3 3 4 6 5 5 5 4 4 6 
3
0 0 0 1 1 1 2 2 2 3 3 3 4 4 5 5 5 6 6 4 
3
0 0 0 1 1 1 2 2 2 3 3 3 4 4 5 5 5 4 4 6 
3
0 0 0 1 1 1 2 2 2 3 3 3 4 4 5 5 5 6 6 6 
3
t 17 -2147483648 At layer : 112
tdg 18 -2147483648 At layer : 113
cx 16 18 At layer : 114
0 0 0 1 1 1 2 2 2 3 3 3 4 4 5 5 5 4 6 6 
1
0 0 0 1 1 1 2 2 2 3 3 3 4 4 6 5 5 4 5 6 
1
0 0 0 1 1 1 2 2 2 3 3 3 4 4 5 6 5 4 5 6 
1
0 0 0 1 1 1 2 2 2 3 3 3 4 4 5 5 6 4 6 5 
1
0 0 0 1 1 1 2 2 2 3 3 3 4 4 5 5 5 4 5 6 
1
0 0 0 1 1 1 2 2 2 3 3 3 4 4 5 5 6 4 6 6 
1
cx 16 17 At layer : 115
0 0 0 1 1 1 2 2 2 3 3 3 4 4 5 5 5 4 6 6 
6
0 0 0 1 1 1 2 2 2 3 3 3 4 4 4 5 5 5 6 6 
10
0 0 0 1 1 1 2 2 2 3 3 3 4 4 5 4 5 5 6 6 
10
0 0 0 1 1 1 2 2 2 3 3 3 5 4 5 5 4 4 6 6 
10
0 0 0 1 1 1 2 2 2 3 3 3 4 5 5 5 4 4 6 6 
10
0 0 0 1 1 1 2 2 2 3 3 3 4 4 5 5 5 5 6 6 
10
0 0 0 1 1 1 2 2 2 3 3 3 4 4 5 5 4 4 6 6 
10
t 18 -2147483648 At layer : 115
h 18 -2147483648 At layer : 116
t 16 -2147483648 At layer : 117
cx 18 19 At layer : 117
tdg 17 -2147483648 At layer : 118
cx 16 17 At layer : 119
x 17 -2147483648 At layer : 120
cx 16 17 At layer : 121
h 18 -2147483648 At layer : 121
cx 17 18 At layer : 122
0 0 0 1 1 1 2 2 2 3 3 3 4 4 4 5 5 5 6 6 
2
0 0 0 1 1 1 2 2 2 3 3 3 4 4 4 6 5 5 5 6 
18
0 0 0 1 1 1 2 2 2 3 3 3 4 4 4 5 6 5 5 6 
2
0 0 0 1 1 1 2 2 2 3 3 3 4 4 4 5 5 6 6 5 
2
0 0 0 1 1 1 2 2 2 3 3 3 4 4 4 5 5 5 5 6 
18
0 0 0 1 1 1 2 2 2 3 3 3 4 4 4 5 5 6 6 6 
2
tdg 18 -2147483648 At layer : 123
cx 16 18 At layer : 124
t 18 -2147483648 At layer : 125
cx 17 18 At layer : 126
t 17 -2147483648 At layer : 127
tdg 18 -2147483648 At layer : 128
cx 16 18 At layer : 129
cx 16 17 At layer : 130
t 18 -2147483648 At layer : 130
h 18 -2147483648 At layer : 131
t 16 -2147483648 At layer : 132
tdg 17 -2147483648 At layer : 133
cx 16 17 At layer : 134
x 17 -2147483648 At layer : 135
cx 18 16 At layer : 135
cx 18 17 At layer : 136
x 15 -2147483648 At layer : 136
cx 14 15 At layer : 137
0 0 0 1 1 1 2 2 2 3 3 3 4 4 4 6 5 5 5 6 
2
0 0 0 1 1 1 2 2 2 3 3 3 6 4 4 4 5 5 5 6 
2
0 0 0 1 1 1 2 2 2 3 3 3 4 6 4 4 5 5 5 6 
2
0 0 0 1 1 1 2 2 2 3 3 3 4 4 6 6 5 5 5 4 
2
0 0 0 1 1 1 2 2 2 3 3 3 4 4 4 4 5 5 5 6 
2
0 0 0 1 1 1 2 2 2 3 3 3 4 4 6 6 5 5 5 6 
2
h 16 -2147483648 At layer : 137
cx 15 16 At layer : 138
0 0 0 1 1 1 2 2 2 3 3 3 4 4 4 6 5 5 5 6 
2
0 0 0 1 1 1 2 2 2 3 3 3 4 4 4 6 6 5 5 5 
2
0 0 0 1 1 1 2 2 2 3 3 3 4 4 4 5 5 6 5 6 
2
0 0 0 1 1 1 2 2 2 3 3 3 4 4 4 5 5 5 6 6 
2
0 0 0 1 1 1 2 2 2 3 3 3 4 4 4 6 6 5 5 6 
2
0 0 0 1 1 1 2 2 2 3 3 3 4 4 4 5 5 5 5 6 
2
tdg 16 -2147483648 At layer : 139
cx 14 16 At layer : 140
0 0 0 1 1 1 2 2 2 3 3 3 4 4 4 6 5 5 5 6 
2
0 0 0 1 1 1 2 2 2 3 3 3 5 4 4 6 4 5 5 6 
2
0 0 0 1 1 1 2 2 2 3 3 3 4 5 4 6 4 5 5 6 
2
0 0 0 1 1 1 2 2 2 3 3 3 4 4 5 6 5 4 5 6 
2
0 0 0 1 1 1 2 2 2 3 3 3 4 4 5 6 5 5 4 6 
2
0 0 0 1 1 1 2 2 2 3 3 3 4 4 4 6 4 5 5 6 
2
0 0 0 1 1 1 2 2 2 3 3 3 4 4 5 6 5 5 5 6 
2
t 16 -2147483648 At layer : 141
cx 15 16 At layer : 142
0 0 0 1 1 1 2 2 2 3 3 3 4 4 4 6 5 5 5 6 
3
0 0 0 1 1 1 2 2 2 3 3 3 4 4 4 6 6 5 5 5 
3
0 0 0 1 1 1 2 2 2 3 3 3 4 4 4 5 5 6 5 6 
3
0 0 0 1 1 1 2 2 2 3 3 3 4 4 4 5 5 5 6 6 
3
0 0 0 1 1 1 2 2 2 3 3 3 4 4 4 6 6 5 5 6 
3
0 0 0 1 1 1 2 2 2 3 3 3 4 4 4 5 5 5 5 6 
3
t 15 -2147483648 At layer : 143
tdg 16 -2147483648 At layer : 144
cx 14 16 At layer : 145
0 0 0 1 1 1 2 2 2 3 3 3 4 4 4 6 5 5 5 6 
1
0 0 0 1 1 1 2 2 2 3 3 3 5 4 4 6 4 5 5 6 
1
0 0 0 1 1 1 2 2 2 3 3 3 4 5 4 6 4 5 5 6 
1
0 0 0 1 1 1 2 2 2 3 3 3 4 4 5 6 5 4 5 6 
1
0 0 0 1 1 1 2 2 2 3 3 3 4 4 5 6 5 5 4 6 
1
0 0 0 1 1 1 2 2 2 3 3 3 4 4 4 6 4 5 5 6 
1
0 0 0 1 1 1 2 2 2 3 3 3 4 4 5 6 5 5 5 6 
1
cx 14 15 At layer : 146
0 0 0 1 1 1 2 2 2 3 3 3 4 4 4 6 5 5 5 6 
5
0 0 0 1 1 1 2 2 2 3 3 3 6 4 4 4 5 5 5 6 
6
0 0 0 1 1 1 2 2 2 3 3 3 4 6 4 4 5 5 5 6 
6
0 0 0 1 1 1 2 2 2 3 3 3 4 4 6 6 5 5 5 4 
6
0 0 0 1 1 1 2 2 2 3 3 3 4 4 4 4 5 5 5 6 
6
0 0 0 1 1 1 2 2 2 3 3 3 4 4 6 6 5 5 5 6 
6
t 16 -2147483648 At layer : 146
h 16 -2147483648 At layer : 147
t 14 -2147483648 At layer : 148
tdg 15 -2147483648 At layer : 149
cx 14 15 At layer : 150
cx 16 14 At layer : 151
0 0 0 1 1 1 2 2 2 3 3 3 6 4 4 4 5 5 5 6 
2
0 0 0 1 1 1 2 2 2 3 3 3 6 4 5 4 5 4 5 6 
2
0 0 0 1 1 1 2 2 2 3 3 3 6 4 5 4 5 5 4 6 
2
0 0 0 1 1 1 2 2 2 3 3 3 6 5 4 4 4 5 5 6 
4
0 0 0 1 1 1 2 2 2 3 3 3 6 4 4 5 4 5 5 6 
2
0 0 0 1 1 1 2 2 2 3 3 3 6 4 5 4 5 5 5 6 
2
0 0 0 1 1 1 2 2 2 3 3 3 6 4 4 4 4 5 5 6 
4
x 15 -2147483648 At layer : 151
cx 16 15 At layer : 152
x 13 -2147483648 At layer : 152
cx 12 13 At layer : 153
0 0 0 1 1 1 2 2 2 3 3 3 6 5 4 4 4 5 5 6 
2
0 0 0 1 1 1 2 2 2 3 3 3 6 6 4 4 4 5 5 5 
2
0 0 0 1 1 1 2 2 2 3 3 3 5 5 4 4 4 6 5 6 
2
0 0 0 1 1 1 2 2 2 3 3 3 5 5 4 4 4 5 6 6 
2
0 0 0 1 1 1 2 2 2 3 3 3 6 6 4 4 4 5 5 6 
2
0 0 0 1 1 1 2 2 2 3 3 3 5 5 4 4 4 5 5 6 
2
h 14 -2147483648 At layer : 153
cx 13 14 At layer : 154
0 0 0 1 1 1 2 2 2 3 3 3 6 5 4 4 4 5 5 6 
2
0 0 0 1 1 1 2 2 2 3 3 3 6 5 5 4 4 4 5 6 
2
0 0 0 1 1 1 2 2 2 3 3 3 6 5 5 4 4 5 4 6 
2
0 0 0 1 1 1 2 2 2 3 3 3 6 4 4 5 4 5 5 6 
2
0 0 0 1 1 1 2 2 2 3 3 3 6 4 4 4 5 5 5 6 
2
0 0 0 1 1 1 2 2 2 3 3 3 6 5 5 4 4 5 5 6 
2
0 0 0 1 1 1 2 2 2 3 3 3 6 4 4 4 4 5 5 6 
2
tdg 14 -2147483648 At layer : 155
cx 12 14 At layer : 156
0 0 0 1 1 1 2 2 2 3 3 3 6 5 4 4 4 5 5 6 
2
0 0 0 1 1 1 2 2 2 3 3 3 6 5 6 4 4 5 5 4 
2
0 0 0 1 1 1 2 2 2 3 3 3 4 5 4 6 4 5 5 6 
2
0 0 0 1 1 1 2 2 2 3 3 3 4 5 4 4 6 5 5 6 
2
0 0 0 1 1 1 2 2 2 3 3 3 6 5 6 4 4 5 5 6 
2
0 0 0 1 1 1 2 2 2 3 3 3 4 5 4 4 4 5 5 6 
2
t 14 -2147483648 At layer : 157
cx 13 14 At layer : 158
0 0 0 1 1 1 2 2 2 3 3 3 6 5 4 4 4 5 5 6 
3
0 0 0 1 1 1 2 2 2 3 3 3 6 5 5 4 4 4 5 6 
3
0 0 0 1 1 1 2 2 2 3 3 3 6 5 5 4 4 5 4 6 
3
0 0 0 1 1 1 2 2 2 3 3 3 6 4 4 5 4 5 5 6 
3
0 0 0 1 1 1 2 2 2 3 3 3 6 4 4 4 5 5 5 6 
3
0 0 0 1 1 1 2 2 2 3 3 3 6 5 5 4 4 5 5 6 
3
0 0 0 1 1 1 2 2 2 3 3 3 6 4 4 4 4 5 5 6 
3
t 13 -2147483648 At layer : 159
tdg 14 -2147483648 At layer : 160
cx 12 14 At layer : 161
0 0 0 1 1 1 2 2 2 3 3 3 6 5 4 4 4 5 5 6 
1
0 0 0 1 1 1 2 2 2 3 3 3 6 5 6 4 4 5 5 4 
1
0 0 0 1 1 1 2 2 2 3 3 3 4 5 4 6 4 5 5 6 
1
0 0 0 1 1 1 2 2 2 3 3 3 4 5 4 4 6 5 5 6 
1
0 0 0 1 1 1 2 2 2 3 3 3 6 5 6 4 4 5 5 6 
1
0 0 0 1 1 1 2 2 2 3 3 3 4 5 4 4 4 5 5 6 
1
cx 12 13 At layer : 162
0 0 0 1 1 1 2 2 2 3 3 3 6 5 4 4 4 5 5 6 
5
0 0 0 1 1 1 2 2 2 3 3 3 6 6 4 4 4 5 5 5 
7
0 0 0 1 1 1 2 2 2 3 3 3 5 5 4 4 4 6 5 6 
7
0 0 0 1 1 1 2 2 2 3 3 3 5 5 4 4 4 5 6 6 
7
0 0 0 1 1 1 2 2 2 3 3 3 6 6 4 4 4 5 5 6 
7
0 0 0 1 1 1 2 2 2 3 3 3 5 5 4 4 4 5 5 6 
7
t 14 -2147483648 At layer : 162
h 14 -2147483648 At layer : 163
t 12 -2147483648 At layer : 164
tdg 13 -2147483648 At layer : 165
cx 12 13 At layer : 166
x 13 -2147483648 At layer : 167
cx 14 12 At layer : 167
0 0 0 1 1 1 2 2 2 3 3 3 6 6 4 4 4 5 5 5 
1
0 0 0 1 1 1 2 2 2 3 3 3 4 6 4 6 4 5 5 5 
1
0 0 0 1 1 1 2 2 2 3 3 3 4 6 4 4 6 5 5 5 
1
0 0 0 1 1 1 2 2 2 3 3 3 6 4 6 4 4 5 5 5 
1
0 0 0 1 1 1 2 2 2 3 3 3 4 6 4 4 4 5 5 5 
1
0 0 0 1 1 1 2 2 2 3 3 3 6 6 6 4 4 5 5 5 
5
cx 14 13 At layer : 168
x 11 -2147483648 At layer : 168
cx 10 11 At layer : 169
h 12 -2147483648 At layer : 169
cx 11 12 At layer : 170
0 0 0 1 1 1 2 2 2 3 3 3 6 6 6 4 4 5 5 5 
2
0 0 0 1 1 1 2 2 2 6 3 3 3 6 6 4 4 5 5 5 
18
0 0 0 1 1 1 2 2 2 3 6 3 3 6 6 4 4 5 5 5 
2
0 0 0 1 1 1 2 2 2 3 3 6 6 3 6 4 4 5 5 5 
2
0 0 0 1 1 1 2 2 2 3 3 6 6 6 3 4 4 5 5 5 
2
0 0 0 1 1 1 2 2 2 3 3 3 3 6 6 4 4 5 5 5 
18
0 0 0 1 1 1 2 2 2 3 3 6 6 6 6 4 4 5 5 5 
2
tdg 12 -2147483648 At layer : 171
cx 10 12 At layer : 172
t 12 -2147483648 At layer : 173
cx 11 12 At layer : 174
t 11 -2147483648 At layer : 175
tdg 12 -2147483648 At layer : 176
cx 10 12 At layer : 177
cx 10 11 At layer : 178
t 12 -2147483648 At layer : 178
h 12 -2147483648 At layer : 179
t 10 -2147483648 At layer : 180
tdg 11 -2147483648 At layer : 181
cx 10 11 At layer : 182
cx 12 10 At layer : 183
x 11 -2147483648 At layer : 183
cx 12 11 At layer : 184
x 9 -2147483648 At layer : 184
cx 8 9 At layer : 185
0 0 0 1 1 1 2 2 2 6 3 3 3 6 6 4 4 5 5 5 
2
0 0 0 1 1 1 6 2 2 2 3 3 3 6 6 4 4 5 5 5 
2
0 0 0 1 1 1 2 6 2 2 3 3 3 6 6 4 4 5 5 5 
2
0 0 0 1 1 1 2 2 6 6 3 3 3 2 6 4 4 5 5 5 
2
0 0 0 1 1 1 2 2 6 6 3 3 3 6 2 4 4 5 5 5 
2
0 0 0 1 1 1 2 2 2 2 3 3 3 6 6 4 4 5 5 5 
2
0 0 0 1 1 1 2 2 6 6 3 3 3 6 6 4 4 5 5 5 
2
h 10 -2147483648 At layer : 185
cx 9 10 At layer : 186
0 0 0 1 1 1 2 2 2 6 3 3 3 6 6 4 4 5 5 5 
2
0 0 0 1 1 1 2 2 2 6 6 3 3 3 6 4 4 5 5 5 
2
0 0 0 1 1 1 2 2 2 6 6 3 3 6 3 4 4 5 5 5 
2
0 0 0 1 1 1 2 2 2 3 3 6 3 6 6 4 4 5 5 5 
2
0 0 0 1 1 1 2 2 2 3 3 3 6 6 6 4 4 5 5 5 
2
0 0 0 1 1 1 2 2 2 6 6 3 3 6 6 4 4 5 5 5 
2
0 0 0 1 1 1 2 2 2 3 3 3 3 6 6 4 4 5 5 5 
2
tdg 10 -2147483648 At layer : 187
cx 8 10 At layer : 188
0 0 0 1 1 1 2 2 2 6 3 3 3 6 6 4 4 5 5 5 
2
0 0 0 1 1 1 3 2 2 6 2 3 3 6 6 4 4 5 5 5 
2
0 0 0 1 1 1 2 3 2 6 2 3 3 6 6 4 4 5 5 5 
2
0 0 0 1 1 1 2 2 3 6 3 2 3 6 6 4 4 5 5 5 
2
0 0 0 1 1 1 2 2 3 6 3 3 2 6 6 4 4 5 5 5 
2
0 0 0 1 1 1 2 2 2 6 2 3 3 6 6 4 4 5 5 5 
2
0 0 0 1 1 1 2 2 3 6 3 3 3 6 6 4 4 5 5 5 
2
t 10 -2147483648 At layer : 189
cx 9 10 At layer : 190
0 0 0 1 1 1 2 2 2 6 3 3 3 6 6 4 4 5 5 5 
3
0 0 0 1 1 1 2 2 2 6 6 3 3 3 6 4 4 5 5 5 
3
0 0 0 1 1 1 2 2 2 6 6 3 3 6 3 4 4 5 5 5 
3
0 0 0 1 1 1 2 2 2 3 3 6 3 6 6 4 4 5 5 5 
3
0 0 0 1 1 1 2 2 2 3 3 3 6 6 6 4 4 5 5 5 
3
0 0 0 1 1 1 2 2 2 6 6 3 3 6 6 4 4 5 5 5 
3
0 0 0 1 1 1 2 2 2 3 3 3 3 6 6 4 4 5 5 5 
3
t 9 -2147483648 At layer : 191
tdg 10 -2147483648 At layer : 192
cx 8 10 At layer : 193
0 0 0 1 1 1 2 2 2 6 3 3 3 6 6 4 4 5 5 5 
1
0 0 0 1 1 1 3 2 2 6 2 3 3 6 6 4 4 5 5 5 
1
0 0 0 1 1 1 2 3 2 6 2 3 3 6 6 4 4 5 5 5 
1
0 0 0 1 1 1 2 2 3 6 3 2 3 6 6 4 4 5 5 5 
1
0 0 0 1 1 1 2 2 3 6 3 3 2 6 6 4 4 5 5 5 
1
0 0 0 1 1 1 2 2 2 6 2 3 3 6 6 4 4 5 5 5 
1
0 0 0 1 1 1 2 2 3 6 3 3 3 6 6 4 4 5 5 5 
1
cx 8 9 At layer : 194
0 0 0 1 1 1 2 2 2 6 3 3 3 6 6 4 4 5 5 5 
5
0 0 0 1 1 1 6 2 2 2 3 3 3 6 6 4 4 5 5 5 
7
0 0 0 1 1 1 2 6 2 2 3 3 3 6 6 4 4 5 5 5 
7
0 0 0 1 1 1 2 2 6 6 3 3 3 2 6 4 4 5 5 5 
7
0 0 0 1 1 1 2 2 6 6 3 3 3 6 2 4 4 5 5 5 
7
0 0 0 1 1 1 2 2 2 2 3 3 3 6 6 4 4 5 5 5 
7
0 0 0 1 1 1 2 2 6 6 3 3 3 6 6 4 4 5 5 5 
7
t 10 -2147483648 At layer : 194
h 10 -2147483648 At layer : 195
t 8 -2147483648 At layer : 196
tdg 9 -2147483648 At layer : 197
cx 8 9 At layer : 198
x 9 -2147483648 At layer : 199
cx 10 8 At layer : 199
0 0 0 1 1 1 6 2 2 2 3 3 3 6 6 4 4 5 5 5 
1
0 0 0 1 1 1 6 2 3 2 3 2 3 6 6 4 4 5 5 5 
1
0 0 0 1 1 1 6 2 3 2 3 3 2 6 6 4 4 5 5 5 
1
0 0 0 1 1 1 6 3 2 2 2 3 3 6 6 4 4 5 5 5 
3
0 0 0 1 1 1 6 2 2 3 2 3 3 6 6 4 4 5 5 5 
1
0 0 0 1 1 1 6 2 3 2 3 3 3 6 6 4 4 5 5 5 
1
0 0 0 1 1 1 6 2 2 2 2 3 3 6 6 4 4 5 5 5 
3
cx 10 9 At layer : 200
x 7 -2147483648 At layer : 200
cx 6 7 At layer : 201
0 0 0 1 1 1 6 3 2 2 2 3 3 6 6 4 4 5 5 5 
2
0 0 0 1 1 1 6 6 2 2 2 3 3 3 6 4 4 5 5 5 
2
0 0 0 1 1 1 6 6 2 2 2 3 3 6 3 4 4 5 5 5 
2
0 0 0 1 1 1 3 3 2 2 2 6 3 6 6 4 4 5 5 5 
2
0 0 0 1 1 1 3 3 2 2 2 3 6 6 6 4 4 5 5 5 
2
0 0 0 1 1 1 6 6 2 2 2 3 3 6 6 4 4 5 5 5 
2
0 0 0 1 1 1 3 3 2 2 2 3 3 6 6 4 4 5 5 5 
2
h 8 -2147483648 At layer : 201
cx 7 8 At layer : 202
0 0 0 1 1 1 6 3 2 2 2 3 3 6 6 4 4 5 5 5 
2
0 0 0 1 1 1 6 3 3 2 2 2 3 6 6 4 4 5 5 5 
2
0 0 0 1 1 1 6 3 3 2 2 3 2 6 6 4 4 5 5 5 
2
0 0 0 1 1 1 6 2 2 3 2 3 3 6 6 4 4 5 5 5 
2
0 0 0 1 1 1 6 2 2 2 3 3 3 6 6 4 4 5 5 5 
2
0 0 0 1 1 1 6 3 3 2 2 3 3 6 6 4 4 5 5 5 
2
0 0 0 1 1 1 6 2 2 2 2 3 3 6 6 4 4 5 5 5 
2
tdg 8 -2147483648 At layer : 203
cx 6 8 At layer : 204
0 0 0 1 1 1 6 3 2 2 2 3 3 6 6 4 4 5 5 5 
2
0 0 0 1 1 1 6 3 6 2 2 3 3 2 6 4 4 5 5 5 
2
0 0 0 1 1 1 6 3 6 2 2 3 3 6 2 4 4 5 5 5 
2
0 0 0 1 1 1 2 3 2 6 2 3 3 6 6 4 4 5 5 5 
2
0 0 0 1 1 1 2 3 2 2 6 3 3 6 6 4 4 5 5 5 
2
0 0 0 1 1 1 6 3 6 2 2 3 3 6 6 4 4 5 5 5 
2
0 0 0 1 1 1 2 3 2 2 2 3 3 6 6 4 4 5 5 5 
2
t 8 -2147483648 At layer : 205
cx 7 8 At layer : 206
0 0 0 1 1 1 6 3 2 2 2 3 3 6 6 4 4 5 5 5 
3
0 0 0 1 1 1 6 3 3 2 2 2 3 6 6 4 4 5 5 5 
3
0 0 0 1 1 1 6 3 3 2 2 3 2 6 6 4 4 5 5 5 
3
0 0 0 1 1 1 6 2 2 3 2 3 3 6 6 4 4 5 5 5 
3
0 0 0 1 1 1 6 2 2 2 3 3 3 6 6 4 4 5 5 5 
3
0 0 0 1 1 1 6 3 3 2 2 3 3 6 6 4 4 5 5 5 
3
0 0 0 1 1 1 6 2 2 2 2 3 3 6 6 4 4 5 5 5 
3
t 7 -2147483648 At layer : 207
tdg 8 -2147483648 At layer : 208
cx 6 8 At layer : 209
0 0 0 1 1 1 6 3 2 2 2 3 3 6 6 4 4 5 5 5 
1
0 0 0 1 1 1 6 3 6 2 2 3 3 2 6 4 4 5 5 5 
1
0 0 0 1 1 1 6 3 6 2 2 3 3 6 2 4 4 5 5 5 
1
0 0 0 1 1 1 2 3 2 6 2 3 3 6 6 4 4 5 5 5 
1
0 0 0 1 1 1 2 3 2 2 6 3 3 6 6 4 4 5 5 5 
1
0 0 0 1 1 1 6 3 6 2 2 3 3 6 6 4 4 5 5 5 
1
0 0 0 1 1 1 2 3 2 2 2 3 3 6 6 4 4 5 5 5 
1
cx 6 7 At layer : 210
0 0 0 1 1 1 6 3 2 2 2 3 3 6 6 4 4 5 5 5 
5
0 0 0 1 1 1 6 6 2 2 2 3 3 3 6 4 4 5 5 5 
7
0 0 0 1 1 1 6 6 2 2 2 3 3 6 3 4 4 5 5 5 
7
0 0 0 1 1 1 3 3 2 2 2 6 3 6 6 4 4 5 5 5 
7
0 0 0 1 1 1 3 3 2 2 2 3 6 6 6 4 4 5 5 5 
7
0 0 0 1 1 1 6 6 2 2 2 3 3 6 6 4 4 5 5 5 
7
0 0 0 1 1 1 3 3 2 2 2 3 3 6 6 4 4 5 5 5 
7
t 8 -2147483648 At layer : 210
h 8 -2147483648 At layer : 211
t 6 -2147483648 At layer : 212
tdg 7 -2147483648 At layer : 213
cx 6 7 At layer : 214
x 7 -2147483648 At layer : 215
cx 8 6 At layer : 215
0 0 0 1 1 1 6 6 2 2 2 3 3 3 6 4 4 5 5 5 
2
0 0 0 1 1 1 2 6 2 6 2 3 3 3 6 4 4 5 5 5 
2
0 0 0 1 1 1 2 6 2 2 6 3 3 3 6 4 4 5 5 5 
2
0 0 0 1 1 1 6 2 6 2 2 3 3 3 6 4 4 5 5 5 
2
0 0 0 1 1 1 6 6 6 2 2 3 3 3 2 4 4 5 5 5 
5
0 0 0 1 1 1 2 6 2 2 2 3 3 3 6 4 4 5 5 5 
2
0 0 0 1 1 1 6 6 6 2 2 3 3 3 6 4 4 5 5 5 
5
x 5 -2147483648 At layer : 216
cx 8 7 At layer : 216
cx 4 5 At layer : 217
h 6 -2147483648 At layer : 217
cx 5 6 At layer : 218
0 0 0 1 1 1 6 6 6 2 2 3 3 3 2 4 4 5 5 5 
2
0 0 0 6 1 1 1 6 6 2 2 3 3 3 2 4 4 5 5 5 
18
0 0 0 1 6 1 1 6 6 2 2 3 3 3 2 4 4 5 5 5 
2
0 0 0 1 1 6 6 1 6 2 2 3 3 3 2 4 4 5 5 5 
2
0 0 0 1 1 6 6 6 1 2 2 3 3 3 2 4 4 5 5 5 
2
0 0 0 1 1 1 1 6 6 2 2 3 3 3 2 4 4 5 5 5 
18
0 0 0 1 1 6 6 6 6 2 2 3 3 3 2 4 4 5 5 5 
2
tdg 6 -2147483648 At layer : 219
cx 4 6 At layer : 220
t 6 -2147483648 At layer : 221
cx 5 6 At layer : 222
t 5 -2147483648 At layer : 223
tdg 6 -2147483648 At layer : 224
cx 4 6 At layer : 225
cx 4 5 At layer : 226
t 6 -2147483648 At layer : 226
h 6 -2147483648 At layer : 227
t 4 -2147483648 At layer : 228
tdg 5 -2147483648 At layer : 229
cx 4 5 At layer : 230
x 5 -2147483648 At layer : 231
cx 6 4 At layer : 231
cx 6 5 At layer : 232
x 3 -2147483648 At layer : 232
cx 2 3 At layer : 233
0 0 0 6 1 1 1 6 6 2 2 3 3 3 2 4 4 5 5 5 
2
6 0 0 0 1 1 1 6 6 2 2 3 3 3 2 4 4 5 5 5 
2
0 6 0 0 1 1 1 6 6 2 2 3 3 3 2 4 4 5 5 5 
2
0 0 6 6 1 1 1 0 6 2 2 3 3 3 2 4 4 5 5 5 
2
0 0 6 6 1 1 1 6 0 2 2 3 3 3 2 4 4 5 5 5 
2
0 0 0 0 1 1 1 6 6 2 2 3 3 3 2 4 4 5 5 5 
2
0 0 6 6 1 1 1 6 6 2 2 3 3 3 2 4 4 5 5 5 
2
h 4 -2147483648 At layer : 233
cx 3 4 At layer : 234
0 0 0 6 1 1 1 6 6 2 2 3 3 3 2 4 4 5 5 5 
2
0 0 0 6 6 1 1 1 6 2 2 3 3 3 2 4 4 5 5 5 
2
0 0 0 6 6 1 1 6 1 2 2 3 3 3 2 4 4 5 5 5 
2
0 0 0 1 1 6 1 6 6 2 2 3 3 3 2 4 4 5 5 5 
2
0 0 0 1 1 1 6 6 6 2 2 3 3 3 2 4 4 5 5 5 
2
0 0 0 6 6 1 1 6 6 2 2 3 3 3 2 4 4 5 5 5 
2
0 0 0 1 1 1 1 6 6 2 2 3 3 3 2 4 4 5 5 5 
2
tdg 4 -2147483648 At layer : 235
cx 2 4 At layer : 236
0 0 0 6 1 1 1 6 6 2 2 3 3 3 2 4 4 5 5 5 
2
1 0 0 6 0 1 1 6 6 2 2 3 3 3 2 4 4 5 5 5 
2
0 1 0 6 0 1 1 6 6 2 2 3 3 3 2 4 4 5 5 5 
2
0 0 1 6 1 0 1 6 6 2 2 3 3 3 2 4 4 5 5 5 
2
0 0 1 6 1 1 0 6 6 2 2 3 3 3 2 4 4 5 5 5 
2
0 0 0 6 0 1 1 6 6 2 2 3 3 3 2 4 4 5 5 5 
2
0 0 1 6 1 1 1 6 6 2 2 3 3 3 2 4 4 5 5 5 
2
t 4 -2147483648 At layer : 237
cx 3 4 At layer : 238
0 0 0 6 1 1 1 6 6 2 2 3 3 3 2 4 4 5 5 5 
3
0 0 0 6 6 1 1 1 6 2 2 3 3 3 2 4 4 5 5 5 
3
0 0 0 6 6 1 1 6 1 2 2 3 3 3 2 4 4 5 5 5 
3
0 0 0 1 1 6 1 6 6 2 2 3 3 3 2 4 4 5 5 5 
3
0 0 0 1 1 1 6 6 6 2 2 3 3 3 2 4 4 5 5 5 
3
0 0 0 6 6 1 1 6 6 2 2 3 3 3 2 4 4 5 5 5 
3
0 0 0 1 1 1 1 6 6 2 2 3 3 3 2 4 4 5 5 5 
3
t 3 -2147483648 At layer : 239
tdg 4 -2147483648 At layer : 240
cx 2 4 At layer : 241
0 0 0 6 1 1 1 6 6 2 2 3 3 3 2 4 4 5 5 5 
1
1 0 0 6 0 1 1 6 6 2 2 3 3 3 2 4 4 5 5 5 
1
0 1 0 6 0 1 1 6 6 2 2 3 3 3 2 4 4 5 5 5 
1
0 0 1 6 1 0 1 6 6 2 2 3 3 3 2 4 4 5 5 5 
1
0 0 1 6 1 1 0 6 6 2 2 3 3 3 2 4 4 5 5 5 
1
0 0 0 6 0 1 1 6 6 2 2 3 3 3 2 4 4 5 5 5 
1
0 0 1 6 1 1 1 6 6 2 2 3 3 3 2 4 4 5 5 5 
1
cx 2 3 At layer : 242
0 0 0 6 1 1 1 6 6 2 2 3 3 3 2 4 4 5 5 5 
5
6 0 0 0 1 1 1 6 6 2 2 3 3 3 2 4 4 5 5 5 
7
0 6 0 0 1 1 1 6 6 2 2 3 3 3 2 4 4 5 5 5 
7
0 0 6 6 1 1 1 0 6 2 2 3 3 3 2 4 4 5 5 5 
7
0 0 6 6 1 1 1 6 0 2 2 3 3 3 2 4 4 5 5 5 
7
0 0 0 0 1 1 1 6 6 2 2 3 3 3 2 4 4 5 5 5 
7
0 0 6 6 1 1 1 6 6 2 2 3 3 3 2 4 4 5 5 5 
7
t 4 -2147483648 At layer : 242
h 4 -2147483648 At layer : 243
t 2 -2147483648 At layer : 244
tdg 3 -2147483648 At layer : 245
cx 2 3 At layer : 246
x 3 -2147483648 At layer : 247
cx 4 2 At layer : 247
6 0 0 0 1 1 1 6 6 2 2 3 3 3 2 4 4 5 5 5 
2
6 0 1 0 1 0 1 6 6 2 2 3 3 3 2 4 4 5 5 5 
2
6 0 1 0 1 1 0 6 6 2 2 3 3 3 2 4 4 5 5 5 
2
6 1 0 0 0 1 1 6 6 2 2 3 3 3 2 4 4 5 5 5 
3
6 0 0 1 0 1 1 6 6 2 2 3 3 3 2 4 4 5 5 5 
2
6 0 1 0 1 1 1 6 6 2 2 3 3 3 2 4 4 5 5 5 
2
6 0 0 0 0 1 1 6 6 2 2 3 3 3 2 4 4 5 5 5 
3
x 1 -2147483648 At layer : 248
cx 4 3 At layer : 248
cx 0 1 At layer : 249
6 1 0 0 0 1 1 6 6 2 2 3 3 3 2 4 4 5 5 5 
2
6 6 0 0 0 1 1 1 6 2 2 3 3 3 2 4 4 5 5 5 
2
6 6 0 0 0 1 1 6 1 2 2 3 3 3 2 4 4 5 5 5 
2
1 1 0 0 0 6 1 6 6 2 2 3 3 3 2 4 4 5 5 5 
2
1 1 0 0 0 1 6 6 6 2 2 3 3 3 2 4 4 5 5 5 
2
6 6 0 0 0 1 1 6 6 2 2 3 3 3 2 4 4 5 5 5 
2
1 1 0 0 0 1 1 6 6 2 2 3 3 3 2 4 4 5 5 5 
2
h 2 -2147483648 At layer : 249
cx 1 2 At layer : 250
6 1 0 0 0 1 1 6 6 2 2 3 3 3 2 4 4 5 5 5 
2
6 1 1 0 0 0 1 6 6 2 2 3 3 3 2 4 4 5 5 5 
2
6 1 1 0 0 1 0 6 6 2 2 3 3 3 2 4 4 5 5 5 
2
6 0 0 1 0 1 1 6 6 2 2 3 3 3 2 4 4 5 5 5 
2
6 0 0 0 1 1 1 6 6 2 2 3 3 3 2 4 4 5 5 5 
2
6 1 1 0 0 1 1 6 6 2 2 3 3 3 2 4 4 5 5 5 
2
6 0 0 0 0 1 1 6 6 2 2 3 3 3 2 4 4 5 5 5 
2
tdg 2 -2147483648 At layer : 251
cx 0 2 At layer : 252
6 1 0 0 0 1 1 6 6 2 2 3 3 3 2 4 4 5 5 5 
2
6 1 6 0 0 1 1 0 6 2 2 3 3 3 2 4 4 5 5 5 
2
6 1 6 0 0 1 1 6 0 2 2 3 3 3 2 4 4 5 5 5 
2
0 1 0 6 0 1 1 6 6 2 2 3 3 3 2 4 4 5 5 5 
2
0 1 0 0 6 1 1 6 6 2 2 3 3 3 2 4 4 5 5 5 
2
6 1 6 0 0 1 1 6 6 2 2 3 3 3 2 4 4 5 5 5 
2
0 1 0 0 0 1 1 6 6 2 2 3 3 3 2 4 4 5 5 5 
2
t 2 -2147483648 At layer : 253
cx 1 2 At layer : 254
6 1 0 0 0 1 1 6 6 2 2 3 3 3 2 4 4 5 5 5 
3
6 1 1 0 0 0 1 6 6 2 2 3 3 3 2 4 4 5 5 5 
3
6 1 1 0 0 1 0 6 6 2 2 3 3 3 2 4 4 5 5 5 
3
6 0 0 1 0 1 1 6 6 2 2 3 3 3 2 4 4 5 5 5 
3
6 0 0 0 1 1 1 6 6 2 2 3 3 3 2 4 4 5 5 5 
3
6 1 1 0 0 1 1 6 6 2 2 3 3 3 2 4 4 5 5 5 
3
6 0 0 0 0 1 1 6 6 2 2 3 3 3 2 4 4 5 5 5 
3
t 1 -2147483648 At layer : 255
tdg 2 -2147483648 At layer : 256
cx 0 2 At layer : 257
6 1 0 0 0 1 1 6 6 2 2 3 3 3 2 4 4 5 5 5 
1
6 1 6 0 0 1 1 0 6 2 2 3 3 3 2 4 4 5 5 5 
1
6 1 6 0 0 1 1 6 0 2 2 3 3 3 2 4 4 5 5 5 
1
0 1 0 6 0 1 1 6 6 2 2 3 3 3 2 4 4 5 5 5 
1
0 1 0 0 6 1 1 6 6 2 2 3 3 3 2 4 4 5 5 5 
1
6 1 6 0 0 1 1 6 6 2 2 3 3 3 2 4 4 5 5 5 
1
0 1 0 0 0 1 1 6 6 2 2 3 3 3 2 4 4 5 5 5 
1
cx 0 1 At layer : 258
6 1 0 0 0 1 1 6 6 2 2 3 3 3 2 4 4 5 5 5 
5
6 6 0 0 0 1 1 1 6 2 2 3 3 3 2 4 4 5 5 5 
7
6 6 0 0 0 1 1 6 1 2 2 3 3 3 2 4 4 5 5 5 
7
1 1 0 0 0 6 1 6 6 2 2 3 3 3 2 4 4 5 5 5 
7
1 1 0 0 0 1 6 6 6 2 2 3 3 3 2 4 4 5 5 5 
7
6 6 0 0 0 1 1 6 6 2 2 3 3 3 2 4 4 5 5 5 
7
1 1 0 0 0 1 1 6 6 2 2 3 3 3 2 4 4 5 5 5 
7
t 2 -2147483648 At layer : 258
h 2 -2147483648 At layer : 259
t 0 -2147483648 At layer : 260
tdg 1 -2147483648 At layer : 261
cx 0 1 At layer : 262
x 1 -2147483648 At layer : 263
cx 2 0 At layer : 263
6 6 0 0 0 1 1 1 6 2 2 3 3 3 2 4 4 5 5 5 
1
0 6 0 6 0 1 1 1 6 2 2 3 3 3 2 4 4 5 5 5 
1
0 6 0 0 6 1 1 1 6 2 2 3 3 3 2 4 4 5 5 5 
1
6 0 6 0 0 1 1 1 6 2 2 3 3 3 2 4 4 5 5 5 
1
6 6 6 0 0 1 1 1 0 2 2 3 3 3 2 4 4 5 5 5 
2
0 6 0 0 0 1 1 1 6 2 2 3 3 3 2 4 4 5 5 5 
1
6 6 6 0 0 1 1 1 6 2 2 3 3 3 2 4 4 5 5 5 
2
cx 2 1 At layer : 264
Wire Cutting : 41
Gate Cutting : 48
